6 0.235169 0.584395 0.292373 0.181529
6 0.671610 0.609873 0.317797 0.194268
6 0.786017 0.436306 0.275424 0.140127
6 0.417373 0.429936 0.258475 0.140127
6 0.105932 0.386943 0.211864 0.111465
6 0.250000 0.304140 0.203390 0.098726
6 0.370763 0.240446 0.190678 0.073248
6 0.605932 0.246815 0.211864 0.085987
6 0.512712 0.350318 0.211864 0.121019
6 0.684322 0.187898 0.148305 0.063694
6 0.470339 0.175159 0.152542 0.082803
6 0.885593 0.179936 0.177966 0.073248
6 0.868644 0.253185 0.203390 0.085987
6 0.824153 0.332803 0.241525 0.098726
6 0.302966 0.157643 0.173729 0.073248