9 0.509240 0.296610 0.164271 0.271186
9 0.909651 0.456215 0.180698 0.341808
9 0.096509 0.464689 0.164271 0.324859
9 0.288501 0.536723 0.215606 0.276836
9 0.498973 0.579096 0.176591 0.327684
9 0.719713 0.586158 0.223819 0.296610
9 0.877823 0.761299 0.244353 0.358757
9 0.253593 0.771186 0.260780 0.327684
9 0.061602 0.816384 0.123203 0.338983
9 0.435318 0.851695 0.209446 0.296610
9 0.647844 0.855932 0.203285 0.288136
9 0.897331 0.139831 0.201232 0.262712
9 0.094456 0.141243 0.180698 0.282486
9 0.302875 0.245763 0.227926 0.254237
9 0.707392 0.276836 0.215606 0.282486